1;s4_niep;0.8146222675;5.0868014961;16.450813699
2;s4_parz;2.725973565;-3.603970849;31.193868861
3;s4_niep;3.1552933651;-7.214194407;50.024416082
4;s4_parz;0.3813858649;-12.89701846;66.468721468
5;s4_niep;-0.080881229;-19.3591453;75.810440598
6;s4_parz;2.6444134445;2.4228930602;92.973148751
7;s4_niep;-0.610537351;22.131225312;105.89300799
8;s4_parz;2.6715910298;11.378208239;122.12484809
9;s4_niep;2.5362676897;4.7577686608;143.82061466
10;s4_parz;2.8203975623;-0.279476245;162.54225324
11;s4_niep;1.4387689365;5.4796105335;159.22784936
12;s4_parz;-0.092062327;-3.535104394;179.40613996
13;s4_niep;-0.236162589;-18.28784864;195.51915408
14;s4_parz;0.9680027324;3.1053372677;243.00295516
15;s4_niep;1.2976107953;11.97820105;241.65880207
16;s4_parz;3.2974371809;-12.10558536;237.60429598
17;s4_niep;0.9626801377;-15.16492393;262.00970147
18;s4_parz;-0.09353093;9.3403861012;265.33105678
19;s4_niep;-0.188867446;20.555662803;265.3087526
20;s4_parz;0.1765822494;0.6825960962;276.669489
21;s4_niep;0.4010662057;-11.70398826;319.59104108
22;s4_parz;1.8496487545;-18.91873781;368.55531112
23;s4_niep;0.7526067569;-5.778772888;319.13146185
24;s4_parz;3.0008210945;9.1667141463;348.57852774
25;s4_niep;2.0948538557;-2.86948319;381.07319456
26;s4_parz;0.8211543056;0.7221298035;421.38317298
27;s4_niep;0.0012113703;1.8258978368;375.80222872
28;s4_parz;-0.740789996;14.472571958;390.06146218
29;s4_niep;3.8447173763;2.1932672922;441.05543398
30;s4_parz;0.1502122209;10.223928219;428.37416991
31;s4_niep;2.1172851534;-8.836362437;491.98390788
32;s4_parz;-0.897144881;-17.24180331;461.26731502
33;s4_niep;3.1590902508;15.620899258;542.72447427
34;s4_parz;3.9350726022;11.98443887;489.03810358
35;s4_niep;0.7843590406;-1.644132587;498.29621277
36;s4_parz;0.0801894758;-0.283772088;503.62298292
37;s4_niep;1.0942013395;-3.496225514;612.34962874
38;s4_parz;-0.309135133;-11.98532464;588.00198762
39;s4_niep;2.7268083653;1.5354229187;542.82741184
40;s4_parz;-0.746535206;2.0172360647;674.18536889
41;s4_niep;2.8237079297;-5.631230416;640.84745099
42;s4_parz;2.949131269;-6.773663447;644.86425889
43;s4_niep;1.7839528154;10.402154921;629.96097442
44;s4_parz;-0.237145648;10.279796016;696.17597654
45;s4_niep;0.5620385025;-2.625749141;707.24114815
46;s4_parz;2.1595561505;-4.660116094;671.64753177
47;s4_niep;2.2057304253;12.373717403;721.9839694
48;s4_parz;3.1854325678;25.358975078;696.42025062
49;s4_niep;0.0963235428;-1.272021109;752.59694207
50;s4_parz;3.5516842788;0.7306709629;717.24799796
51;s4_niep;-0.870749395;-1.92749092;697.1863265
52;s4_parz;3.3465634758;0.5231764301;857.39766722
53;s4_niep;1.4319508846;-3.081304763;770.55275538
54;s4_parz;1.7726894514;-15.02389415;780.01862136
55;s4_niep;0.4698807017;3.9241546312;829.23147577
56;s4_parz;1.4176280817;-4.818622982;756.61834975
57;s4_niep;0.8245406411;4.8954792099;830.7258709
58;s4_parz;1.305214476;4.4690135922;918.93838381
59;s4_niep;1.4082964693;6.3806308839;929.62706313
60;s4_parz;1.1810297329;-2.678166383;976.02756288
61;s4_niep;3.0392547143;-4.46935953;883.86124634
62;s4_parz;3.2237835467;-9.889238984;904.88574699
63;s4_niep;0.9179869103;16.8333888;930.49833616
64;s4_parz;2.0041502803;5.1568551037;789.85826806
65;s4_niep;-0.687412162;-4.176383691;985.53634322
66;s4_parz;2.9223463409;11.594307401;859.07286412
67;s4_niep;3.7000859933;-14.79509577;1017.8976833
68;s4_parz;2.6713027296;-11.16317195;926.93084518
69;s4_niep;3.5100394471;-5.614883685;1134.7936597
70;s4_parz;1.4947636446;-7.141407317;1037.9701811
71;s4_niep;2.2143828986;7.2593571281;1141.8311741
72;s4_parz;1.0186121701;-4.41204978;1079.5239304
73;s4_niep;2.175829094;-5.897755866;1048.2853684
74;s4_parz;1.9752242509;-6.212456913;1037.2661556
75;s4_niep;2.0319305151;-8.462608126;1047.7076265
76;s4_parz;2.3180052104;-0.648285008;1171.6074639
77;s4_niep;2.4851742319;13.526073627;1213.0959748
78;s4_parz;2.2230419541;-6.322050917;1266.3044952
79;s4_niep;3.2977162075;1.6041879362;1242.4796761
80;s4_parz;1.4593303737;16.839927858;1213.4555182
81;s4_niep;1.915330796;-7.170925893;1146.822497
82;s4_parz;1.5344628224;21.876273551;1173.0678144
83;s4_niep;3.141885079;-19.9825886;1339.8856169
84;s4_parz;-0.726263676;7.4224347943;1094.360235
85;s4_niep;2.6840069241;20.785340952;1196.5960167
86;s4_parz;1.588053766;-2.255001008;1279.6904677
87;s4_niep;0.3395931159;32.099669729;1441.6423902
88;s4_parz;3.9243278289;5.6895666197;1146.2880121
89;s4_niep;2.831706291;-1.049528482;1413.609647
90;s4_parz;-0.214705347;9.9038681929;1327.1597535
91;s4_niep;0.0950268251;-11.10502566;1399.7586932
92;s4_parz;1.9827521453;1.4254188954;1372.8039722
93;s4_niep;2.4845512609;-8.537779822;1214.4433727
94;s4_parz;0.5978825868;-2.989032832;1502.1904426
95;s4_niep;-0.787856166;-1.048751411;1450.2398181
96;s4_parz;3.5061579205;7.9868317141;1443.9658887
97;s4_niep;3.219573198;-7.178056257;1527.1758006
98;s4_parz;3.1737423042;-8.317427168;1510.0466364
99;s4_niep;-0.482160192;18.524049242;1325.9552648
100;s4_parz;0.8763135429;-11.32103641;1409.0543991
101;s4_niep;-0.136615377;8.8219237253;1457.3965383
102;s4_parz;1.1439121604;-10.23987646;1571.8672679
103;s4_niep;1.2755304711;3.827214252;1719.8957653
104;s4_parz;3.1542369636;0.2832880576;1490.4235625
105;s4_niep;3.3706746583;10.118056181;1625.9474264
106;s4_parz;1.8083490756;6.5620458236;1542.7864295
107;s4_niep;-0.775502384;14.959440658;1475.692139
108;s4_parz;1.3255682794;7.7008657354;1697.6626049
109;s4_niep;0.4554316278;19.121148131;1615.6611713
110;s4_parz;0.0942334687;3.7077996665;1591.4170252
111;s4_niep;2.553294881;-14.07114698;1565.1331421
112;s4_parz;2.9379221452;5.7534137944;1762.3713707
113;s4_niep;1.9311120407;3.1554628429;1662.4717724
114;s4_parz;1.5520429726;-3.836273746;1776.5339585
115;s4_niep;0.7621962804;22.318413998;1799.8592453
116;s4_parz;1.0132536567;0.9567222714;1847.6592534
117;s4_niep;3.6968641433;-12.50890361;1891.5984234
118;s4_parz;0.6958378752;12.850388295;1725.1473322
119;s4_niep;0.7979824249;8.2711514835;1904.8296171
120;s4_parz;-0.901908771;13.51808237;1523.9438572
121;s4_niep;1.7088467487;-3.467565059;1828.373818
122;s4_parz;2.5906933381;-0.954109203;2031.6397242
123;s4_niep;3.1989502144;7.802274464;1859.7712538
124;s4_parz;-0.336504202;0.4524817828;1910.4494488
125;s4_niep;1.1216667896;-6.18874395;1808.2017352
126;s4_parz;3.9238953669;-5.133187324;2042.0182775
127;s4_niep;2.1682996816;-6.63488181;1773.2261652
128;s4_parz;3.5446258851;15.817437449;1952.8014976
129;s4_niep;1.2628401161;-15.1791193;1835.3517573
130;s4_parz;2.1637977567;-9.00254579;2196.7270966
131;s4_niep;0.5624743381;-9.338950152;2113.5586129
132;s4_parz;2.8767811208;-5.64204648;2197.080672
133;s4_niep;1.7391440853;5.7367532394;2135.6858391
134;s4_parz;3.7447168942;3.7000098155;2263.0011723
135;s4_niep;-0.741536316;1.2825847905;2071.6533963
136;s4_parz;2.4844378398;-9.761406191;2121.4758229
137;s4_niep;-0.735248976;11.522617747;2090.9240092
138;s4_parz;-0.296327307;-5.860046182;2103.0843832
139;s4_niep;3.2999237377;13.748441253;1984.3652429
140;s4_parz;1.4915188423;-4.613179351;1928.5440881
141;s4_niep;3.4338515142;4.1745827662;2148.3722597
142;s4_parz;2.6337607045;-3.438869245;2067.1900728
143;s4_niep;2.4391095342;3.6246370247;2240.1558118
144;s4_parz;0.710457493;1.2469737779;2207.6216879
145;s4_niep;2.8129486743;-9.579921212;2269.1242926
146;s4_parz;2.6605570529;-1.724330558;2401.7946048
147;s4_niep;1.7300012427;10.311096289;2031.4689885
148;s4_parz;-0.772239542;-32.18388293;2050.2163699
149;s4_niep;0.556054571;12.090515737;2276.130126
150;s4_parz;0.0771274176;12.246794618;2536.5059224
151;s4_niep;-0.97542907;-17.27567981;2148.4487892
152;s4_parz;2.9215835249;10.344676014;2410.1307329
153;s4_niep;0.0407705098;-3.213309048;2194.5145285
154;s4_parz;1.3930895922;-2.161391727;2364.5760156
155;s4_niep;2.320383771;-9.004709173;2298.2685412
156;s4_parz;1.4948198011;0.4218205138;2239.5505123
157;s4_niep;2.7754905917;-20.46473237;2492.2565205
158;s4_parz;3.8672761162;-14.33764374;2460.0231726
159;s4_niep;3.9880219391;3.546649462;2484.4480768
160;s4_parz;-0.845136569;12.148954434;2509.5459102
161;s4_niep;2.6948082497;-4.940536942;2405.522157
162;s4_parz;2.3199985574;-7.810362844;2378.7707802
163;s4_niep;3.0585601884;-0.20646119;2242.9374905
164;s4_parz;1.5863553642;-1.498834508;2322.5941167
165;s4_niep;3.208306763;6.0955949278;2455.4353767
166;s4_parz;-0.947379322;-7.584946504;2462.7425961
167;s4_niep;2.6383496684;-15.46535352;2549.1315513
168;s4_parz;2.6999993742;9.4099743434;2652.2288238
169;s4_niep;3.2288024161;-2.78100514;2641.1805264
170;s4_parz;1.3977750365;-1.319335519;2477.2110225
171;s4_niep;-0.023884953;15.038102939;2925.3496648
172;s4_parz;1.6941604785;-2.913381949;2597.2405166
173;s4_niep;0.9582956061;6.1502132816;2596.486023
174;s4_parz;0.9881696682;-12.91485514;2488.0375299
175;s4_niep;0.7902892045;-13.53682127;2670.2495001
176;s4_parz;0.459493703;-22.45339117;3012.8273628
177;s4_niep;2.981808179;-6.976332242;2580.3225394
178;s4_parz;-0.758788696;-9.746515022;2576.0529949
179;s4_niep;1.317773;8.6680378901;2429.4180522
180;s4_parz;3.5704061978;-12.89047602;2791.4863783
181;s4_niep;2.0233856444;1.9568963817;2871.5762206
182;s4_parz;-0.289352756;-7.55860181;2826.3392518
183;s4_niep;3.6556377619;-5.331577262;2791.991519
184;s4_parz;3.2010315783;17.645352399;2951.2170769
185;s4_niep;0.9370166734;5.230076535;2920.3678106
186;s4_parz;1.803568995;-16.40596481;2369.351907
187;s4_niep;1.6257014007;13.187981136;2662.9273665
188;s4_parz;-0.003454174;-6.310517406;2510.7919502
189;s4_niep;0.9789000749;2.4448063765;2778.6592528
190;s4_parz;0.3866400492;-2.700767537;2900.0662434
191;s4_niep;3.4591279349;-30.39315419;3114.0076337
192;s4_parz;0.3975017664;30.037696233;3177.1874723
193;s4_niep;1.986752951;11.773583023;2975.005865
194;s4_parz;3.9220016319;0.6219567482;2893.5689952
195;s4_niep;2.8630372141;1.8808021796;2976.5385588
196;s4_parz;0.708920983;-17.19825965;2870.2276958
197;s4_niep;-0.231313336;3.4232982502;3010.2986879
198;s4_parz;3.831733168;-19.30995307;2964.2765754
199;s4_niep;-0.545100357;-8.384874105;3092.7884019
200;s4_parz;-0.324483224;-24.14458515;3020.3855378
201;s4_niep;3.0420510103;-11.78108528;2990.9814808
202;s4_parz;3.4555651021;-7.540737564;3060.6044826
203;s4_niep;3.6554718491;-3.877258546;3306.9302911
204;s4_parz;1.9622168224;3.3523074112;3044.4034169
205;s4_niep;3.1780737597;2.1362229292;3077.6060767
206;s4_parz;1.4024308903;12.24626689;2843.7655115
207;s4_niep;-0.814653022;-7.263504701;2890.1548529
208;s4_parz;2.6060651059;-1.702814123;3200.9594048
209;s4_niep;2.3055701728;-8.048877739;2753.8676537
210;s4_parz;-0.37785723;1.5161589355;2903.7018267
211;s4_niep;-0.643254017;-7.505830303;3059.417535
212;s4_parz;-0.965066018;3.5392445808;3120.8703342
213;s4_niep;-0.342749673;1.4865974445;2939.6331556
214;s4_parz;-0.188102511;2.4099298171;3380.5491732
215;s4_niep;0.4155904234;17.581462697;3324.071627
216;s4_parz;0.5829355556;35.368351415;3106.7109175
217;s4_niep;2.2398971372;-6.311530703;3495.6665927
218;s4_parz;1.0163870636;2.5413699916;3552.0171204
219;s4_niep;0.7314426912;-19.16863957;3860.0685321
220;s4_parz;-0.541868719;-18.93207308;3249.4342214
221;s4_niep;-0.435800709;5.1613902548;3366.8224076
222;s4_parz;2.018911019;-3.914975465;3402.392227
223;s4_niep;0.159151516;-10.57121742;3414.9753716
224;s4_parz;1.7205338132;-13.9197774;3439.0657026
225;s4_niep;2.476322395;-22.38559002;3204.4630822
226;s4_parz;1.3648444271;-5.04758983;3266.0330165
227;s4_niep;2.1363789449;12.067755943;3013.9519126
228;s4_parz;1.2556243684;-8.55749445;3283.2517252
229;s4_niep;2.6706058419;-12.0192872;3693.3209086
230;s4_parz;1.8513593729;-3.80378752;3529.8165523
231;s4_niep;0.3769123919;10.247715632;3184.2779409
232;s4_parz;3.1499833526;-3.322745883;3349.2866999
233;s4_niep;1.6788807324;-11.42833672;3544.031513
234;s4_parz;3.2299110369;-29.19700162;3527.8860922
235;s4_niep;0.1110660905;12.539666722;3600.5087915
236;s4_parz;3.8354578576;-9.966367006;3664.2704133
237;s4_niep;1.4117611663;1.9141354355;3623.1996773
238;s4_parz;2.9862824972;-4.011862517;3685.1048417
239;s4_niep;1.7174109489;2.0339526214;3429.3769055
240;s4_parz;2.9943246189;7.0657006541;3286.4542088
241;s4_niep;0.4110733622;20.308985755;3376.8097451
242;s4_parz;0.3924519421;4.0713685888;3918.3607645
243;s4_niep;1.1201359025;12.780594107;4130.6383623
244;s4_parz;-0.697336042;-15.06579117;3544.5931313
245;s4_niep;2.1607172839;2.3500856018;3945.6778969
246;s4_parz;-0.851979685;7.7331143944;3619.7685237
247;s4_niep;3.949239355;-3.481809569;3603.173343
248;s4_parz;3.0009219265;7.1483684054;3570.5570374
249;s4_niep;2.9649102785;-19.5165589;4395.4764117
250;s4_parz;3.9811978196;-21.87606884;3616.5953448
251;s4_niep;0.9573304276;-7.376244085;3786.3224898
252;s4_parz;3.144886606;-2.082599341;3451.7769299
253;s4_niep;3.0589155625;-0.10568095;3634.0923559
254;s4_parz;2.6211407784;4.5900704547;3298.502142
255;s4_niep;1.112543067;-4.70304212;4187.2977806
256;s4_parz;3.9700558255;21.022276793;3771.7235576
257;s4_niep;0.3085552032;-1.134145036;3874.6453567
258;s4_parz;2.9233234916;-5.353523232;4212.335044
259;s4_niep;1.931039181;-0.933182601;4205.0819023
260;s4_parz;1.3835557617;-15.08051187;3886.1567259
261;s4_niep;0.8313019289;-17.47010581;3772.5899975
262;s4_parz;2.5032013867;-10.5661742;3557.6255851
263;s4_niep;1.8878153082;-0.480032803;4157.4412119
264;s4_parz;2.1484920919;7.261330165;3654.672775
265;s4_niep;2.8174534723;-2.444834925;4264.2604513
266;s4_parz;1.8617644021;4.7812103328;4023.0744463
267;s4_niep;0.5634358053;-19.28772637;3474.3863819
268;s4_parz;1.5683827012;-11.5997287;4014.8860454
269;s4_niep;2.8634539879;0.1391079058;4471.1296844
270;s4_parz;-0.016649713;17.465612856;3963.5390634
271;s4_niep;3.7205251454;-18.87356054;3850.8871304
272;s4_parz;2.5830477269;-28.06729725;4367.4419537
273;s4_niep;0.1334912973;-17.50496386;4345.3218154
274;s4_parz;2.8067453978;-11.66163299;4259.9546777
275;s4_niep;0.8092393301;-9.157124742;4101.2664495
276;s4_parz;2.9602214466;9.6762261861;4044.6112339
277;s4_niep;0.7227710885;7.3075197788;4329.8397527
278;s4_parz;3.3625833883;5.32358081;4384.2446589
279;s4_niep;1.2402547916;-6.888291403;4024.5957132
280;s4_parz;3.8128768964;-14.76959863;4101.5598062
281;s4_niep;1.1601195387;21.327118284;4277.7428585
282;s4_parz;3.3151933487;3.9057012966;4478.6616701
283;s4_niep;3.509571234;-0.819898095;4341.2601294
284;s4_parz;0.3300589455;1.0485427898;4257.7534475
285;s4_niep;2.4125700167;11.790714319;4437.0111648
286;s4_parz;0.6753254513;-2.826498086;4278.8311827
287;s4_niep;2.0258759242;4.6474577655;3984.4893891
288;s4_parz;-0.984768324;-2.723574171;3788.3505186
289;s4_niep;3.0423018364;-5.767826804;4233.4401901
290;s4_parz;2.6189869133;-18.47787873;4199.0150805
291;s4_niep;2.0917137433;-12.64931894;4375.1011602
292;s4_parz;0.3255703199;9.6350390433;4132.098089
293;s4_niep;1.9614125881;-1.740559259;4858.4495782
294;s4_parz;3.0229854519;-3.653352139;4092.7529669
295;s4_niep;0.5834041646;0.9765335105;4148.6092788
296;s4_parz;0.6227861851;-21.75098744;4212.9074786
297;s4_niep;0.393608249;17.989960296;4130.8207179
298;s4_parz;0.925389586;5.3267278409;4189.4169883
299;s4_niep;0.0969330213;6.987404349;4888.7440778
300;s4_parz;0.8863830515;-8.832986695;4051.6309831
301;s4_niep;-0.105713013;2.3976802495;4448.7413869
302;s4_parz;1.3904669901;10.02470382;4457.9008111
303;s4_niep;-0.948041302;-1.132975403;4810.9760989
304;s4_parz;1.698716306;6.1209723181;4799.288398
305;s4_niep;-0.717283093;9.9045140678;4446.5600118
306;s4_parz;1.9935088581;7.9272218854;4378.1136503
307;s4_niep;2.8774942485;-34.94485464;4555.7270174
308;s4_parz;3.9674467044;19.017250536;4904.444111
309;s4_niep;1.7065264795;3.4953837109;4283.694989
310;s4_parz;2.1955380962;8.1080237944;4816.9239364
311;s4_niep;3.3519267833;2.1600425563;4839.7397877
312;s4_parz;-0.899427846;-1.751208394;4690.4616922
313;s4_niep;0.1154034553;10.715945339;4572.5822444
314;s4_parz;2.8950599818;-8.792667284;4851.2618459
315;s4_niep;0.1465962143;1.1739672004;4419.4262283
316;s4_parz;-0.500592747;-0.50820146;4328.8522013
317;s4_niep;-0.352121211;-15.55972088;5015.4074735
318;s4_parz;1.4776500359;6.857936804;4842.6120789
319;s4_niep;1.7431507352;-18.00982987;5132.3465966
320;s4_parz;1.4624185322;-0.647403099;5005.6070528
321;s4_niep;1.1369997329;-23.97332103;4989.4541153
322;s4_parz;1.7762564098;-3.474935188;4866.8325892
323;s4_niep;0.9802792426;22.136647949;5282.9235858
324;s4_parz;1.4281848792;-23.66398764;4724.0245403
325;s4_niep;-0.988179535;-5.714049523;5502.7988327
326;s4_parz;1.0378188356;-2.508109415;5202.1904017
327;s4_niep;3.3307103656;9.5900364316;4962.6194976
328;s4_parz;1.1409700937;-1.06560419;4944.8594625
329;s4_niep;0.3608918136;9.2752440536;4949.9017588
330;s4_parz;3.8452046001;-2.63951572;4814.8121065
331;s4_niep;2.4118299062;7.3755798411;5455.2248785
332;s4_parz;0.7909144921;-6.19375288;4887.1282053
333;s4_niep;2.2734379351;-8.525949511;4511.9729984
334;s4_parz;3.2587409165;7.0590525966;4713.4566097
335;s4_niep;1.3203065513;3.6295592996;4651.0383141
336;s4_parz;0.5217913461;11.413705989;5287.5084429
337;s4_niep;1.9039515988;15.396193937;5106.4827793
338;s4_parz;2.8022459316;-0.420220641;5983.5506334
339;s4_niep;-0.570543556;14.646474611;5049.736384
340;s4_parz;1.6425810892;2.1760351152;4965.8148988
341;s4_niep;1.3704535688;-13.27578468;5580.4547239
342;s4_parz;1.1696735323;-7.961839726;5419.073357
343;s4_niep;3.6835484866;-11.32594848;5594.1724728
344;s4_parz;2.3425773416;0.6437463513;5380.0922263
345;s4_niep;3.6101878977;2.7660824259;5396.3920907
346;s4_parz;1.0926988437;-7.677486324;4873.0588008
347;s4_niep;2.2375155102;15.36470134;5446.5156253
348;s4_parz;-0.971780784;12.523851529;4670.6331411
349;s4_niep;2.144801491;2.5997801439;5373.6879776
350;s4_parz;1.0455157743;-3.760685092;5321.3667729
351;s4_niep;3.8954279208;6.2634141715;5782.7042465
352;s4_parz;1.0264031375;22.379391526;5061.0197654
353;s4_niep;1.3074579715;-6.770467729;5048.1931504
354;s4_parz;2.0245651459;1.1149651798;5941.5412359
355;s4_niep;2.5015037649;-8.781806714;5586.1396522
356;s4_parz;-0.431166593;-7.585739971;5267.8223413
357;s4_niep;2.1753836564;2.7980283804;5342.8853127
358;s4_parz;2.3298095494;7.7257885072;5091.1658466
359;s4_niep;-0.730799871;-15.34585857;6003.9641754
360;s4_parz;2.3815293216;-0.315499035;5731.8194331
361;s4_niep;-0.477033573;-5.699864924;5007.9867311
362;s4_parz;-0.154867201;-4.916163786;5527.0793611
363;s4_niep;1.663263901;9.7236549548;5982.1033233
364;s4_parz;3.8716708156;-6.164349624;5438.4527901
365;s4_niep;1.5640334061;-5.745392094;5028.2715825
366;s4_parz;0.0628130222;26.369911008;5660.5029143
367;s4_niep;2.5756202571;7.4709986952;5438.3008863
368;s4_parz;3.70867838;0.9918677774;5298.8410362
369;s4_niep;3.8592853406;-7.438406563;6414.9196178
370;s4_parz;0.1921209568;-2.528003973;5411.366757
371;s4_niep;3.5889673776;-6.566954566;5599.0939783
372;s4_parz;3.6128566515;-2.373043132;5804.4629087
373;s4_niep;1.0014189822;-4.9864562;5093.8037286
374;s4_parz;2.5262271871;12.159373129;5551.2442681
375;s4_niep;-0.892030584;-6.790908906;5516.2930155
376;s4_parz;3.0183120146;19.07364354;5257.7031275
377;s4_niep;2.1875357512;2.1687438349;5873.5619725
378;s4_parz;-0.839021428;-0.503006442;5655.0339064
379;s4_niep;1.6805357485;-23.11758122;5670.761928
380;s4_parz;2.3985670672;-23.19324156;5784.0521436
381;s4_niep;1.8171360273;-5.48097774;5803.3386704
382;s4_parz;2.3982161355;16.410788849;5892.9114954
383;s4_niep;0.3252667158;10.838621392;6373.7216556
384;s4_parz;-0.859672857;13.778448991;5444.5946769
385;s4_niep;-0.26828834;-5.73257997;5880.7751441
386;s4_parz;1.1331985002;6.6152824675;6275.1454495
387;s4_niep;1.5969803834;-4.282791484;5491.5681378
388;s4_parz;-0.66312163;-13.34690556;5344.3462942
389;s4_niep;1.6325115038;15.319571217;5714.1768836
390;s4_parz;0.8207271848;-7.275067865;5766.9902529
391;s4_niep;0.8584806201;-22.04414377;5795.7664446
392;s4_parz;-0.063890245;-3.522495557;6055.5264077
393;s4_niep;0.9973215121;27.181058151;5998.7517931
394;s4_parz;0.6337203009;3.9328780022;5722.3439289
395;s4_niep;0.9767763521;6.9386224651;6267.0938744
396;s4_parz;3.9929553084;-19.64451235;5875.7361403
397;s4_niep;3.6572065259;1.6009881315;5909.528072
398;s4_parz;2.6776923149;17.115059535;5421.6810412
399;s4_niep;2.9607301326;-3.04734446;6039.6518936
400;s4_parz;2.9092318732;-12.07480096;6128.5467661
401;s4_niep;3.4251170868;-0.906246604;5990.4849033
402;s4_parz;2.3131052662;5.1408803052;6513.2097381
403;s4_niep;-0.403907035;-3.796740862;6296.1161868
404;s4_parz;0.2081673258;0.8067375348;6547.4678537
405;s4_niep;2.0456757257;6.9917245898;5840.233496
406;s4_parz;1.2434238145;-1.413022636;5410.9180694
407;s4_niep;2.7096082856;8.2922453749;6745.4261353
408;s4_parz;2.1578295204;5.0752131364;6354.7382129
409;s4_niep;2.6434614582;-1.132677;6495.30202
410;s4_parz;1.5357826462;-9.768069436;5514.649564
411;s4_niep;2.5535317839;9.0039058618;6326.4774276
412;s4_parz;1.7205062763;11.294708855;6250.0655094
413;s4_niep;-0.285244033;-7.134329857;6472.8647905
414;s4_parz;0.1686443985;11.201956896;6239.2446037
415;s4_niep;3.5260383512;3.3203352654;6220.7594525
416;s4_parz;1.7167300287;2.9636184692;6784.5005478
417;s4_niep;3.7021637436;1.8314527542;6417.7611497
418;s4_parz;3.6352817862;-10.67533412;7194.1548399
419;s4_niep;1.3035081999;-2.990494567;5756.7026606
420;s4_parz;1.5599544251;12.330780693;6031.0617566
421;s4_niep;2.1091409214;-0.343226522;6518.3281671
422;s4_parz;1.8168821208;11.168378723;5762.9261929
423;s4_niep;-0.292605049;4.6319178271;7232.4645387
424;s4_parz;-0.247829211;-9.308204454;6509.0388807
425;s4_niep;0.9391888645;16.969682808;6580.10153
426;s4_parz;0.0263336664;1.8938072529;6839.1175107
427;s4_niep;3.1115913559;3.5613222337;6127.2134358
428;s4_parz;3.4292545875;-6.640970789;5911.5688583
429;s4_niep;-0.487073093;23.419818865;5852.1590201
430;s4_parz;1.403726977;-3.303525373;5346.0604444
431;s4_niep;0.129997003;9.8567770679;6273.0461029
432;s4_parz;-0.219445258;14.875744155;6276.6026217
433;s4_niep;3.2923163107;-2.356682707;6438.4834297
434;s4_parz;0.3567853353;-7.559470103;6372.6244219
435;s4_niep;3.8517845058;17.279717573;5843.2395179
436;s4_parz;2.9144325717;-3.958037338;7626.730576
437;s4_niep;2.1643564874;-1.410682786;6993.0154008
438;s4_parz;0.6763139012;8.0166551919;6596.9209959
439;s4_niep;3.3735858446;-8.714353151;6633.3752241
440;s4_parz;1.9301699823;1.3379830919;6124.0262701
441;s4_niep;2.1003515763;-7.690096855;7516.0643739
442;s4_parz;2.9355547162;14.065963826;6713.9881471
443;s4_niep;-0.548301932;0.343713535;6084.2714403
444;s4_parz;0.9703419749;1.2141430292;6515.5081492
445;s4_niep;2.9926734376;17.466980811;5854.2681549
446;s4_parz;-0.590820183;-3.085268922;6720.4833661
447;s4_niep;2.3669553922;11.8140615;6323.391114
448;s4_parz;0.1105382704;13.320905082;5887.321511
449;s4_niep;1.5370030839;-11.9105559;5879.4851856
450;s4_parz;0.4039013634;-2.025920732;6871.9167338
451;s4_niep;3.1326948112;1.8149017904;6881.4951466
452;s4_parz;2.2438563594;4.2228126295;6901.7440371
453;s4_niep;0.2963523233;12.632131341;6361.6659933
454;s4_parz;-0.925710326;4.2188012928;6216.7341279
455;s4_niep;1.6443746512;16.896086754;6507.1028262
456;s4_parz;1.5276959117;7.5675607512;5824.4167091
457;s4_niep;3.5208675668;8.5113749344;7309.9023184
458;s4_parz;-0.027024002;33.642673752;6753.6293066
459;s4_niep;3.8380485363;4.763770406;6693.0148255
460;s4_parz;-0.428787913;-4.585568665;6610.5479795
461;s4_niep;3.3504845301;5.5122520122;6362.9430204
462;s4_parz;0.254880678;-4.151670326;5488.8242991
463;s4_niep;1.7939580906;10.06257287;7005.1352905
464;s4_parz;1.056875458;13.904395536;6185.5695004
465;s4_niep;1.7711564176;8.8144084018;6958.9691809
466;s4_parz;3.1712024129;-15.3443604;6494.7192601
467;s4_niep;-0.698933468;1.2064423647;7025.7113307
468;s4_parz;3.2378839987;-11.68605982;7104.6574831
469;s4_niep;3.1638585293;-4.793197014;7753.9207841
470;s4_parz;3.6575366774;17.779233163;7511.2651128
471;s4_niep;0.2148833164;-4.082711611;7389.0787378
472;s4_parz;1.0096831941;5.9416128978;6116.7466692
473;s4_niep;1.3431276913;2.5265525596;8106.0213188
474;s4_parz;0.7676958031;-8.6484041;6896.0482856
475;s4_niep;3.9327992787;1.2506154273;6619.6501212
476;s4_parz;2.3906804111;-19.89965861;7975.5765153
477;s4_niep;-0.272965588;4.9389086293;7033.4718092
478;s4_parz;3.8186960932;18.611683931;7111.070491
479;s4_niep;-0.040964834;0.1566934749;7849.0116844
480;s4_parz;3.0618605279;21.818071137;7705.8108575
481;s4_niep;-0.072223422;-8.58367171;6760.356421
482;s4_parz;-0.776169641;8.9384798109;6984.5390852
483;s4_niep;3.8352059838;5.2913418912;7586.618192
484;s4_parz;1.0825572554;-14.9092286;6796.7137389
485;s4_niep;1.8504303879;-11.20533548;7328.1851586
486;s4_parz;3.7493687504;12.664364057;7605.7381962
487;s4_niep;0.5640336934;-28.90053271;7521.479804
488;s4_parz;0.1847186024;10.015214639;7406.1855728
489;s4_niep;3.1203578138;-13.18102658;6962.2013266
490;s4_parz;1.4002752371;0.0475933021;7350.5891961
491;s4_niep;-0.091750462;-2.653988308;7677.4146986
492;s4_parz;3.8209115001;-0.365465531;7743.1665828
493;s4_niep;3.6330921746;-6.110316398;7815.0817044
494;s4_parz;3.6310064847;10.158924288;7820.8133752
495;s4_niep;-0.944788038;14.862351634;7605.1553484
496;s4_parz;1.2491413575;2.3468534837;8853.3479386
497;s4_niep;-0.820468246;-4.354109342;6939.7893264
498;s4_parz;1.5378700614;-5.688790269;8223.200371
499;s4_niep;2.4156474976;5.4049918078;8019.9022491
500;s4_parz;3.705268368;-10.0497326;8062.586
501;s4_niep;3.1334196316;-12.11282558;8076.6937574
502;s4_parz;3.8822872107;-1.478704631;7075.9115613
503;s4_niep;2.1858119081;-14.20172011;7727.3872781
504;s4_parz;1.5996899896;-16.15170321;8392.9789867
505;s4_niep;1.0118489987;23.780122764;8059.8834576
506;s4_parz;2.804247253;-3.960621009;8339.9334773
507;s4_niep;2.4868506032;12.133469012;7732.655628
508;s4_parz;3.7751500247;9.4842046654;7609.813594
509;s4_niep;3.2722859044;1.1078106926;7721.0735722
510;s4_parz;0.9647659091;-7.327002766;7498.6826669
511;s4_niep;1.8507133121;-5.32235089;7208.176264
512;s4_parz;2.3827283971;-0.577384207;6592.6085674
513;s4_niep;2.2154454189;-1.885142034;7395.7737233
514;s4_parz;3.4374908388;13.158075295;7958.210191
515;s4_niep;2.2523224448;17.641835532;8130.5229912
516;s4_parz;-0.913477907;13.21762332;8209.3218446
517;s4_niep;3.5940251321;8.4794432832;8098.9784723
518;s4_parz;-0.60796223;-7.506591252;7634.1973239
519;s4_niep;1.2315841947;0.5368491833;7133.0817507
520;s4_parz;2.2364798189;16.098738863;8425.3906417
521;s4_niep;3.2278008462;-1.624292143;8016.0986288
522;s4_parz;3.7296603791;-9.285150825;7935.8186064
523;s4_niep;-0.18838673;0.8610621981;7136.4918686
524;s4_parz;2.5862866713;1.5272124544;7829.3635337
525;s4_niep;2.08489432;4.7370324454;7602.3271394
526;s4_parz;2.4755539724;24.223392756;7921.5603044
527;s4_niep;0.7561882859;0.9550281773;7345.0543316
528;s4_parz;0.9900293681;0.7111829806;7963.2289783
529;s4_niep;1.1813233766;4.9749811335;8478.8606541
530;s4_parz;-0.489028335;-15.39088511;8447.7147625
531;s4_niep;1.3174295609;6.9399794342;7859.7359157
532;s4_parz;3.1262853235;-10.45448854;8791.7420579
533;s4_niep;2.4929314784;-17.71859523;8606.1531067
534;s4_parz;2.2901771661;7.8341707429;7571.7008801
535;s4_niep;-0.627286773;6.5345537049;8687.2406702
536;s4_parz;3.6517781632;-10.21610994;8034.0659721
537;s4_niep;-0.186745947;-8.879685285;8091.9537045
538;s4_parz;3.3739960899;3.6939094015;8968.9092458
539;s4_niep;3.0293703806;13.518477429;8212.9595144
540;s4_parz;0.4083966293;-7.108215363;8630.0918017
541;s4_niep;1.1500979025;6.6779640378;7906.9853173
542;s4_parz;3.3612815437;-0.350630455;7082.4956392
543;s4_niep;3.233428917;3.7302473978;7226.9194978
544;s4_parz;1.4914182338;0.8019328139;7330.7840605
545;s4_niep;1.345828606;-1.743706804;7543.5886484
546;s4_parz;0.1163007031;5.7472772203;8281.857624
547;s4_niep;3.3986573999;-1.186633791;8628.3829934
548;s4_parz;1.3361306718;2.8307486952;8288.69847
549;s4_niep;0.9679878638;10.825230132;7048.2626132
550;s4_parz;0.4427563764;8.8921356797;8236.7594691
551;s4_niep;3.3647464408;-16.85145923;9077.2743257
552;s4_parz;-0.427413295;0.3081835168;8484.1055887
553;s4_niep;2.3077221985;21.436329442;8332.5566006
554;s4_parz;3.0408212966;-5.660276619;8240.4521376
555;s4_niep;1.1508046669;11.830306773;8998.8878285
556;s4_parz;3.0760675441;-11.30280957;8228.8548729
557;s4_niep;-0.06706087;-16.23613021;8674.1261488
558;s4_parz;0.829349935;2.2464559481;8190.5001051
559;s4_niep;2.5308284795;-1.784303463;8785.2458318
560;s4_parz;1.2528952953;-7.74067993;8839.3958265
561;s4_niep;3.6354038011;11.69266769;9265.4414687
562;s4_parz;1.1208658289;0.5333198942;7887.9375777
563;s4_niep;-0.944327092;12.928321212;9540.8861503
564;s4_parz;1.0729439832;-7.991379003;8291.2401534
565;s4_niep;0.7469369;-5.225797875;8911.4895873
566;s4_parz;2.6228602559;2.3414531051;8594.3813574
567;s4_niep;-0.350260433;8.7305307526;8383.6640286
568;s4_parz;0.0570333461;-10.79608837;8251.8946912
569;s4_niep;1.5500054297;-10.278679;7513.7895094
570;s4_parz;0.3913085109;13.630900014;8352.4606284
571;s4_niep;0.5299377993;3.8326706328;9249.2481313
572;s4_parz;1.4613826477;-16.02818456;8649.3597546
573;s4_niep;3.5771148869;-10.38342417;8341.232023
574;s4_parz;0.7742983027;-2.684666948;7239.2194709
575;s4_niep;3.8192897112;-5.256294965;9032.7703938
576;s4_parz;2.4686057984;12.315134798;9081.6047047
577;s4_niep;2.6052418331;4.1954263796;7257.0294244
578;s4_parz;-0.044185311;-6.347678419;9034.9852527
579;s4_niep;1.7259766486;-16.20561458;8771.5565559
580;s4_parz;3.9774307269;6.0164836548;9791.2652082
581;s4_niep;1.3088609065;-6.382412893;9511.1747798
582;s4_parz;3.5556736945;12.176671109;8801.7938119
583;s4_niep;1.3822431277;7.4283878967;8597.2591147
584;s4_parz;2.2417332769;3.1576413294;9341.3769611
585;s4_niep;3.2262010878;-13.11476921;10057.809273
586;s4_parz;3.1443522853;-23.17564524;9345.1457746
587;s4_niep;3.6829860726;4.6194868663;9427.3983879
588;s4_parz;-0.825189514;8.941329085;8915.2893772
589;s4_niep;-0.288357626;3.2705360794;9820.2255832
590;s4_parz;3.29141178;-17.9000816;8930.3676842
591;s4_niep;2.0385959;0.058141832;9488.43256
592;s4_parz;0.4747372649;-15.8171888;9354.3389111
593;s4_niep;3.1937047239;20.368127345;8368.0770017
594;s4_parz;-0.625334788;-10.52366231;9325.3967808
595;s4_niep;-0.075100326;2.8811567753;9538.0818556
596;s4_parz;1.0463997531;-5.221753926;9107.6566658
597;s4_niep;3.8905982589;15.779848323;9840.3457469
598;s4_parz;-0.462014884;-1.290726672;8538.2384805
599;s4_niep;-0.217563434;12.239940895;9645.6143954
600;s4_parz;1.2550427296;-6.208134309;8491.4089479
601;s4_niep;3.3231438819;5.1772635365;9471.6024078
602;s4_parz;2.8401881926;12.412373357;8436.8408312
603;s4_niep;0.8291484294;-7.107561067;9485.9692099
604;s4_parz;3.6779893733;-8.480771805;9129.2584479
605;s4_niep;-0.237028411;13.397237546;9391.1221432
606;s4_parz;2.663429757;5.911670681;9014.5503341
607;s4_niep;1.5450520532;0.6172088232;8703.6487353
608;s4_parz;3.9721530103;-5.99952709;10276.553057
609;s4_niep;0.685385784;19.556504247;8650.715266
610;s4_parz;2.3693399436;-10.84343028;8898.919632
611;s4_niep;3.6636446005;4.5554863929;8561.0587005
612;s4_parz;2.280778573;8.292049767;9110.0383065
613;s4_niep;-0.286840888;-2.503726181;8479.0001796
614;s4_parz;2.8249591453;-12.61699491;10360.690337
615;s4_niep;0.9005532385;28.75621343;9025.8918946
616;s4_parz;1.2098023105;-20.7194001;9602.5267697
617;s4_niep;3.6794657198;-9.078599188;8860.9108165
618;s4_parz;0.6432125874;-17.81313056;9470.7453887
619;s4_niep;1.0301915179;-3.687108863;7675.5879278
620;s4_parz;1.5198069087;10.471193232;9045.395751
621;s4_niep;-0.780585952;22.335915478;9759.3263192
622;s4_parz;2.1463290742;9.0256396338;10283.304033
623;s4_niep;3.3573142958;-4.946236124;7955.2679987
624;s4_parz;1.1235727738;4.81612015;9660.9137652
625;s4_niep;3.6695570041;-13.73988677;10506.12383
626;s4_parz;3.1876697862;-11.89955481;9597.1195418
627;s4_niep;2.4171510178;-1.278279043;10217.466858
628;s4_parz;3.0762713338;1.3076962764;9207.7526361
629;s4_niep;1.0271832133;-35.64613447;8251.5208321
630;s4_parz;0.6044239102;8.9904117063;8755.3878832
631;s4_niep;-0.358976108;4.4204168611;10013.472149
632;s4_parz;3.1790646427;-0.039649147;10758.503968
633;s4_niep;-0.820431869;-6.578027539;9720.0544538
634;s4_parz;0.8138245618;18.190316475;9662.0995219
635;s4_niep;0.7461141626;-3.056148396;10776.318554
636;s4_parz;2.9800600679;-14.3983349;9346.1971564
637;s4_niep;2.3555964443;-15.08876216;9446.0650088
638;s4_parz;-0.524329908;-11.88525582;9371.2646631
639;s4_niep;2.1323745372;-18.60084388;9904.8631212
640;s4_parz;-0.867303576;-15.29401235;9685.2979273
641;s4_niep;1.7692356532;20.736054416;10327.682305
642;s4_parz;2.7135746231;-0.801054345;10930.922795
643;s4_niep;2.6658616614;18.338661544;9945.5269564
644;s4_parz;3.94188359;10.315698098;9166.5275317
645;s4_niep;3.0374230612;0.2288076959;10006.314649
646;s4_parz;3.1283297581;9.517020749;9270.5156007
647;s4_niep;0.3098526147;1.958822792;9038.2382488
648;s4_parz;0.08648466;-12.84810815;9263.3538717
649;s4_niep;-0.992075155;-9.983833205;9624.2506541
650;s4_parz;-0.129547276;4.6661388614;10244.148269
651;s4_niep;-0.44490941;-11.34478739;8737.1011414
652;s4_parz;3.9575739377;-17.30653572;9770.7710918
653;s4_niep;3.3613739425;-2.498365555;10283.708229
654;s4_parz;-0.568654138;18.830019614;10059.139665
655;s4_niep;1.3448213061;3.6213863849;9813.5292519
656;s4_parz;1.4837643851;2.3562071854;10290.2479
657;s4_niep;1.2925095364;-11.27585101;8726.3147633
658;s4_parz;2.3901704351;-7.212399169;11163.781979
659;s4_niep;0.1942552199;1.1710490336;10205.405822
660;s4_parz;1.6104200411;-7.822850586;9546.6189342
661;s4_niep;1.3728568234;9.1801398465;10363.769022
662;s4_parz;3.7443967661;3.9230834014;9424.9864497
663;s4_niep;3.0405881028;-17.61265639;11146.396716
664;s4_parz;0.5950891686;-1.445228894;10003.579803
665;s4_niep;2.0490437793;-12.28109095;9907.9987418
666;s4_parz;0.9169357055;7.925756688;10462.689632
667;s4_niep;-0.824281712;9.2551535069;10578.629975
668;s4_parz;2.3918848091;16.396687426;11756.639664
669;s4_niep;1.5416864699;1.9849605193;10969.651195
670;s4_parz;0.5250740254;-5.503062519;10078.341787
671;s4_niep;0.5399123107;31.176010718;11388.212616
672;s4_parz;3.2032284589;2.6058434503;10632.103598
673;s4_niep;0.8752333111;-4.899634545;9733.9513408
674;s4_parz;2.3931627722;-2.033097746;10620.95172
675;s4_niep;3.7431190194;5.0548736919;10078.354298
676;s4_parz;1.8467505206;0.7975489747;9623.9840867
677;s4_niep;0.3646654512;-12.22137862;9551.553246
678;s4_parz;3.1425929703;-3.305389688;10184.738167
679;s4_niep;1.5979412941;-13.23518698;10888.732824
680;s4_parz;1.9982090127;-18.53821204;11397.301622
681;s4_niep;3.5008062033;0.7326572121;8743.5670696
682;s4_parz;-0.730685199;-18.80660816;8874.3088253
683;s4_niep;0.3391608565;10.797464495;11642.837303
684;s4_parz;3.7196390921;0.2338381984;10533.338302
685;s4_niep;3.5796288315;8.5835174039;9943.9174742
686;s4_parz;-0.123318907;12.265377516;9344.4129039
687;s4_niep;3.1144831754;-6.249906434;11449.253721
688;s4_parz;0.9577965941;-19.82730367;10428.674451
689;s4_niep;1.3990969371;0.2784173289;10578.342653
690;s4_parz;-0.679176842;0.4107669239;12113.3372
691;s4_niep;0.7366022345;5.3640377542;11744.544702
692;s4_parz;1.2054498071;2.3397984112;10665.908926
693;s4_niep;1.48671868;15.390112673;9727.928633
694;s4_parz;-0.675768278;2.4059631689;9079.3601764
695;s4_niep;1.2288757969;0.7733446865;10133.1375
696;s4_parz;0.5393778782;4.1626837683;9531.345326
697;s4_niep;-0.563717788;-3.698037509;9748.877596
698;s4_parz;-0.392388737;-2.567193255;11946.539571
699;s4_niep;0.0344286175;-0.12521538;10571.618136
700;s4_parz;0.8088000835;-14.16978441;10004.43257
701;s4_niep;2.3921725295;-10.855927;9373.978259
702;s4_parz;0.289515284;-2.998620245;9758.4005185
703;s4_niep;-0.909743043;-8.2603303;10977.270585
704;s4_parz;1.9830372673;-8.220855174;9684.6852691
705;s4_niep;-0.858759532;3.6997222341;10869.204977
706;s4_parz;1.0680321856;9.7120475733;10067.884665
707;s4_niep;-0.364359188;-8.707124267;10877.248876
708;s4_parz;1.9997287286;27.617263758;9116.2176703
709;s4_niep;0.8699875809;-1.963884367;10687.627377
710;s4_parz;1.848608728;6.189989961;11432.027766
711;s4_niep;2.9506633435;6.0047306098;10327.959384
712;s4_parz;3.0597372707;-15.08920231;9796.4996497
713;s4_niep;3.4966616596;0.6371904068;11986.168659
714;s4_parz;-0.489375399;-5.196761462;10646.862225
715;s4_niep;0.9397026216;-4.399893203;10311.488527
716;s4_parz;1.4551798135;-2.249657641;10666.837894
717;s4_niep;2.4402384951;5.6233940283;9965.2646501
718;s4_parz;3.5887983751;-13.76635231;10572.294223
719;s4_niep;0.1473911261;21.393563182;11086.544153
720;s4_parz;1.7038477234;11.934247435;12478.586253
721;s4_niep;-0.70918182;13.055823577;9269.2851307
722;s4_parz;0.5576029204;2.6376521758;11237.67362
723;s4_niep;0.7947271544;2.5756263033;11070.550606
724;s4_parz;2.3589902443;-2.074192588;10513.715682
725;s4_niep;0.729667446;-5.605198442;10370.386161
726;s4_parz;-0.19642711;-6.66988313;12261.471356
727;s4_niep;0.6526353926;11.936256183;10415.135801
728;s4_parz;2.818563532;-0.140935893;11073.343405
729;s4_niep;2.1093962063;-15.28907282;9702.7621881
730;s4_parz;1.9969099783;6.2625177922;11097.513339
731;s4_niep;1.743089205;-20.74524021;11223.926876
732;s4_parz;1.4332550924;20.748625061;10557.003145
733;s4_niep;3.4645571729;-1.962922826;11272.750932
734;s4_parz;0.9915712937;13.759062795;11840.455893
735;s4_niep;0.3402724179;7.3571821279;9871.5435949
736;s4_parz;0.4715585725;-25.09908688;10546.973065
737;s4_niep;3.5492109794;-9.602303474;11223.279839
738;s4_parz;-0.515225265;-6.322126122;11085.837034
739;s4_niep;3.2449156191;0.348201934;12202.307567
740;s4_parz;1.6073170978;21.600633912;9453.1764897
741;s4_niep;-0.410403964;-10.46741376;12670.564089
742;s4_parz;3.1858812557;3.2151608779;10732.642872
743;s4_niep;0.7804756024;5.085244586;10959.087676
744;s4_parz;2.5336499096;-1.790064571;11135.460548
745;s4_niep;-0.160617003;2.5914259044;11857.725428
746;s4_parz;1.9113160087;-11.72151544;13482.090204
747;s4_niep;1.5958535437;-28.42122559;12236.620017
748;s4_parz;3.9630430271;-3.531473789;11344.834024
749;s4_niep;3.0521688429;-4.336890172;11556.434453
750;s4_parz;2.9771507513;10.510077547;10871.018981
751;s4_niep;-0.141506627;11.375180611;11321.69753
752;s4_parz;1.5060094718;2.0167208308;11528.750702
753;s4_niep;0.8169770491;-13.89123719;11034.181084
754;s4_parz;1.6219911699;-3.899767843;11043.826433
755;s4_niep;1.1274772785;-9.671857215;11278.928375
756;s4_parz;3.922755321;-11.4717666;11386.930387
757;s4_niep;1.2559841849;6.2294399531;11312.672229
758;s4_parz;3.2483073586;-4.464747094;10493.449499
759;s4_niep;-0.598057011;-14.1500793;10568.621492
760;s4_parz;-0.381772368;0.3579420412;10602.27525
761;s4_niep;0.4832657792;11.751348993;10631.232152
762;s4_parz;3.9907976901;-8.658974582;11660.206633
763;s4_niep;3.8380644363;-4.806199176;10320.06795
764;s4_parz;0.1181586613;5.7476906245;10908.93856
765;s4_niep;2.0296804374;0.8463385032;11666.694727
766;s4_parz;2.2558120989;1.5816821088;10677.930462
767;s4_niep;3.9607044714;0.2968513339;11337.917841
768;s4_parz;-0.823103312;15.042840806;9612.7227765
769;s4_niep;2.7462637009;-10.02475646;11014.567977
770;s4_parz;3.1950696005;12.840581878;11367.75866
771;s4_niep;3.9149422021;14.768748217;11286.400042
772;s4_parz;3.4549088713;3.9504173653;9851.4487545
773;s4_niep;1.0787629402;-7.085164447;11438.646259
774;s4_parz;-0.709870932;2.2980177538;10508.248636
775;s4_niep;2.7738388748;-13.10745506;10308.962635
776;s4_parz;0.1584272753;2.6629343604;11397.222102
777;s4_niep;0.3605023904;2.2493470049;11276.46441
778;s4_parz;3.3473137959;-15.99432299;12062.309196
779;s4_niep;1.6207051927;1.5539751281;11076.662577
780;s4_parz;0.7202180911;-0.710329333;11148.752458
781;s4_niep;2.3742824701;-6.644782773;10961.512996
782;s4_parz;0.4549232467;-11.67589891;11953.816341
783;s4_niep;-0.941744083;-4.371598574;11904.842968
784;s4_parz;2.898869934;-10.39107954;11586.854733
785;s4_niep;3.7499921591;-12.62362737;12612.812922
786;s4_parz;1.0540086935;0.9272281791;12669.470629
787;s4_niep;1.1536836876;15.476968519;12220.626894
788;s4_parz;1.908377991;1.8470946781;10695.592925
789;s4_niep;3.930759489;-7.381655108;11494.366913
790;s4_parz;-0.42460675;6.7579505606;11237.035443
791;s4_niep;3.5656655378;8.9605460913;12510.992255
792;s4_parz;2.4309377165;-6.333093053;12630.266342
793;s4_niep;1.2418482356;8.3539810906;10399.996734
794;s4_parz;1.3057382029;-11.5496962;12256.735078
795;s4_niep;2.885762507;-6.653242511;12179.500515
796;s4_parz;0.1090789624;7.8195874613;11479.562824
797;s4_niep;3.4371918749;-9.644035016;13207.882122
798;s4_parz;2.5832452767;13.29322165;12267.705572
799;s4_niep;2.729299765;-12.4555093;11353.399651
800;s4_parz;3.3930296481;2.613750642;11499.272089
801;s4_niep;0.2737331452;-8.3826142;12855.347362
802;s4_parz;3.9445427488;-4.772956643;12199.874839
803;s4_niep;1.7923920158;-13.57346592;12564.328099
804;s4_parz;-0.260944556;6.0323786052;11917.081382
805;s4_niep;2.0097758435;7.9616047869;11913.978589
806;s4_parz;1.0509072007;26.012720684;12919.634218
807;s4_niep;0.5288278957;13.541569059;11316.093388
808;s4_parz;3.1762117339;-10.5886183;11522.964077
809;s4_niep;2.123360457;-3.676045745;13098.605951
810;s4_parz;-0.459265661;7.9128208916;11998.673234
811;s4_niep;2.1480348078;0.1671815055;12146.102073
812;s4_parz;2.7242624973;-0.360123094;12462.646259
813;s4_niep;0.0421078517;9.3663666595;9903.1677446
814;s4_parz;-0.903386997;-9.684459147;13701.725347
815;s4_niep;-0.495363482;-6.51283251;11699.558796
816;s4_parz;-0.084036075;-5.908482703;11962.455913
817;s4_niep;-0.066879712;-9.329073443;12031.668969
818;s4_parz;2.7427006656;23.595640786;12267.019186
819;s4_niep;0.9943218105;-2.546242282;11525.911881
820;s4_parz;1.9018147653;-8.554055973;11532.238018
821;s4_niep;3.7874078503;8.9234231796;11947.782338
822;s4_parz;1.7797458776;1.106712452;12299.282422
823;s4_niep;1.8694336921;-2.589526977;13721.543352
824;s4_parz;3.9755701749;5.5281427428;11933.170977
825;s4_niep;2.43632396;9.2359969381;12010.586937
826;s4_parz;-0.758153909;-1.517135894;14599.758144
827;s4_niep;1.3681416024;20.218560449;12410.676716
828;s4_parz;3.657138218;8.8344975627;13364.962621
829;s4_niep;0.5183251149;3.3941820264;11683.785707
830;s4_parz;0.6470312707;7.5348889817;11172.485114
831;s4_niep;2.6817716265;-3.666119151;12055.121294
832;s4_parz;2.2378268071;19.037534757;12935.649883
833;s4_niep;2.4309581218;15.110600278;12154.183192
834;s4_parz;1.3016578389;-4.438566352;13616.53307
835;s4_niep;0.5932580347;-7.910145137;13644.815361
836;s4_parz;3.1868553423;-3.175368479;10338.10953
837;s4_niep;1.9577193609;1.5306494106;13698.801043
838;s4_parz;3.0621539573;2.8473740902;14936.755898
839;s4_niep;1.316711411;4.4709004826;14639.373346
840;s4_parz;1.0766671733;3.8207074374;10417.17828
841;s4_niep;2.1243235958;-9.139048751;13435.841447
842;s4_parz;2.2479615804;-19.23494213;11654.396124
843;s4_niep;0.8908338979;-4.145393332;13951.824253
844;s4_parz;-0.667845249;11.249728411;12569.336794
845;s4_niep;0.7453062147;-0.237570375;12379.546599
846;s4_parz;2.748477429;-7.897346023;13134.831235
847;s4_niep;0.0790624009;11.977113711;13971.795433
848;s4_parz;2.3142682367;-3.855430643;13069.726979
849;s4_niep;1.2157208026;-2.488810434;13716.29341
850;s4_parz;2.9719573567;4.7301067457;13527.284368
851;s4_niep;2.2571616318;-6.507954693;12518.206651
852;s4_parz;3.9843058246;0.9770424432;13004.853918
853;s4_niep;3.2837251813;-20.46176373;10894.843443
854;s4_parz;3.5677412439;-2.852479629;12701.807424
855;s4_niep;1.4092352541;20.576468865;11670.660847
856;s4_parz;0.34585528;-24.92970961;13156.915071
857;s4_niep;1.1422252511;-8.112555635;13061.988813
858;s4_parz;-0.979532673;14.804048556;13021.614578
859;s4_niep;0.0720320819;4.9548223321;10075.727724
860;s4_parz;0.8411923208;-4.694621076;12422.567497
861;s4_niep;1.6816216892;0.2163658931;12082.164337
862;s4_parz;2.509894937;-24.48673847;11994.320816
863;s4_niep;2.5055830509;1.8142028268;12976.627175
864;s4_parz;3.6729887415;6.8399076969;13339.229898
865;s4_niep;3.3422305441;15.16489559;14290.143022
866;s4_parz;3.2160134666;16.91288002;13757.728583
867;s4_niep;3.2824274019;9.8314960792;13510.04127
868;s4_parz;0.284149916;-4.656192954;12518.427933
869;s4_niep;2.9622642258;20.979293719;13448.654165
870;s4_parz;0.9977565072;3.7125937635;12756.313054
871;s4_niep;2.4935067424;-1.429570526;13765.97503
872;s4_parz;-0.499941738;-12.50333174;13381.180645
873;s4_niep;2.8693671435;-14.27172296;13067.874579
874;s4_parz;-0.395208237;23.125827702;13036.641172
875;s4_niep;3.1177928281;2.1736491748;13954.781152
876;s4_parz;3.5506142497;7.3649859403;13138.766669
877;s4_niep;-0.811066445;17.637153517;12799.180914
878;s4_parz;0.5895302508;8.8234529876;12572.364181
879;s4_niep;2.1537173517;1.0517960477;11678.299871
880;s4_parz;2.4074381382;-3.168808275;12634.399549
881;s4_niep;2.554280055;-4.949227278;13194.823409
882;s4_parz;3.0739533673;-20.89298605;12824.138983
883;s4_niep;0.2719357415;3.7327819587;12819.068848
884;s4_parz;2.8460993738;2.5132100849;13138.730088
885;s4_niep;1.2092938596;-24.03097962;15685.918973
886;s4_parz;-0.100897305;-14.52069704;12490.228465
887;s4_niep;0.4754802927;18.446530492;13758.008232
888;s4_parz;1.8686156184;-9.59001266;14634.370998
889;s4_niep;1.7329067549;3.8301475978;12528.919384
890;s4_parz;0.5806680832;9.6017737982;13486.794144
891;s4_niep;2.900908322;-13.39434298;14750.600011
892;s4_parz;-0.172055844;1.9310276489;13251.266741
893;s4_niep;2.2483434576;12.180916045;12691.333298
894;s4_parz;-0.929719265;15.400559718;12716.148979
895;s4_niep;-0.164357662;-16.24183454;13370.886833
896;s4_parz;1.6631224377;-13.60127147;14678.48356
897;s4_niep;-0.907415432;10.71435665;11392.932289
898;s4_parz;3.3131057542;-2.124181024;13531.874988
899;s4_niep;2.4368661388;-3.084471399;13581.830145
900;s4_parz;-0.138858672;-4.15363494;12716.549452
901;s4_niep;0.0615485073;-9.645299672;13322.349609
902;s4_parz;2.0932041691;-13.18773522;13297.560096
903;s4_niep;3.549109889;25.295716682;13905.672252
904;s4_parz;0.9604920605;-17.23987059;13276.92383
905;s4_niep;1.6856349188;3.7557016669;16083.770092
906;s4_parz;3.7487081609;7.3947311696;12634.794307
907;s4_niep;1.7376712499;-8.995188659;14112.377739
908;s4_parz;2.482252354;-5.171371792;13212.346574
909;s4_niep;0.3606179326;13.734879182;14272.460533
910;s4_parz;2.184950898;5.7063789652;14349.250184
911;s4_niep;-0.116723875;11.757129174;13904.994122
912;s4_parz;2.1261665109;7.7854719543;12118.854863
913;s4_niep;0.6631665158;-5.09283411;14570.706169
914;s4_parz;3.0945562157;13.628275464;14623.816985
915;s4_niep;1.0006631417;-7.86702807;14583.165387
916;s4_parz;-0.393792362;15.882336497;13311.723131
917;s4_niep;-0.241283268;2.4104316161;13519.878613
918;s4_parz;1.196761557;4.4581295832;12610.791017
919;s4_niep;2.9792996477;22.570773812;15446.507917
920;s4_parz;0.3287026954;5.897094012;13642.606759
921;s4_niep;-0.69610102;11.46334803;12156.242163
922;s4_parz;3.0387736908;-5.53453505;13386.87431
923;s4_niep;3.7387830423;6.0462092419;15889.093398
924;s4_parz;3.9756064662;-4.808326074;12723.869838
925;s4_niep;2.4942030434;7.4210588983;12794.275745
926;s4_parz;3.1059003603;-1.56695192;12819.59429
927;s4_niep;1.6754366759;4.4850920196;14565.488646
928;s4_parz;-0.109434364;-28.11097207;13514.688614
929;s4_niep;0.6152310914;1.7075908971;15393.795415
930;s4_parz;1.2772841958;-5.811521973;15328.211722
931;s4_niep;-0.236368972;5.784778751;14042.422815
932;s4_parz;-0.36775526;10.255027034;14824.298451
933;s4_niep;3.1283906433;-3.495856806;14509.300733
934;s4_parz;-0.834143149;7.0897992536;13104.184327
935;s4_niep;-0.813943957;1.4683553086;14442.305826
936;s4_parz;1.0359460274;14.315966543;13845.418942
937;s4_niep;1.2433357021;-11.59835978;15768.948785
938;s4_parz;-0.907853447;10.376219802;14793.842842
939;s4_niep;1.9710540166;-1.061554883;14330.481695
940;s4_parz;2.8882632316;-6.464189743;13472.408667
941;s4_niep;3.1241045036;1.8999980843;13052.586886
942;s4_parz;1.913748004;3.9727378612;14108.962347
943;s4_niep;0.0603861958;8.9309587816;12705.602455
944;s4_parz;2.19561263;-5.649698711;13430.644561
945;s4_niep;3.4608525045;4.5149912934;12226.461058
946;s4_parz;1.5003992708;-0.486088645;13373.206444
947;s4_niep;0.9938361165;20.510215794;13616.041912
948;s4_parz;2.2422389454;3.6425048837;14770.008033
949;s4_niep;1.8552094255;13.933442408;15678.956822
950;s4_parz;2.0320085646;-15.35582221;14126.326037
951;s4_niep;3.8943330883;21.520869349;14239.522408
952;s4_parz;-0.945195485;7.1937756929;14933.308065
953;s4_niep;1.7749855899;1.3495581421;14019.153547
954;s4_parz;1.1046677637;6.3158629867;12998.727124
955;s4_niep;1.2674064721;3.0191031801;14146.42991
956;s4_parz;2.491922735;16.828830107;13670.170711
957;s4_niep;0.2736743997;-2.709124575;15159.8632
958;s4_parz;-0.008453155;-3.955739312;14972.755424
959;s4_niep;0.2504690496;-18.90841698;13100.845385
960;s4_parz;-0.096279258;0.5232035597;12346.023704
961;s4_niep;2.5736683703;-6.977044787;14409.609424
962;s4_parz;1.2776965319;14.368933837;15480.17549
963;s4_niep;1.3447699274;4.3466763602;14400.058076
964;s4_parz;3.6386230665;19.0966263;13910.033924
965;s4_niep;1.5540681707;-4.945510393;14122.298311
966;s4_parz;2.7753580668;8.0164478768;13774.52948
967;s4_niep;-0.555282397;11.093075325;15779.340989
968;s4_parz;1.5899912103;-12.3864745;14843.292175
969;s4_niep;1.1564719324;14.891053278;13558.131793
970;s4_parz;-0.862672677;-12.77368931;12861.41058
971;s4_niep;3.8343508201;8.9721956334;14235.605695
972;s4_parz;1.5712075073;-7.292102537;14031.647568
973;s4_niep;2.4285728999;0.4155087513;14107.264489
974;s4_parz;1.402450965;-17.23090768;13900.631194
975;s4_niep;2.921732008;4.9920483246;13600.126672
976;s4_parz;3.1305968254;-7.638107041;14640.613412
977;s4_niep;3.7314056846;-9.227026133;13589.905078
978;s4_parz;2.2977449513;-13.37688603;15296.997534
979;s4_niep;-0.356122219;-1.033732589;14880.413098
980;s4_parz;-0.418518208;4.6093200985;15417.450278
981;s4_niep;2.4894047996;22.89460393;15004.979717
982;s4_parz;1.0420682347;11.929010649;12131.841142
983;s4_niep;2.0360602508;4.8720474145;13731.931985
984;s4_parz;0.2669750681;-4.934242755;15095.783376
985;s4_niep;3.0634747614;1.7174508551;16708.574376
986;s4_parz;0.0745675913;-2.901902808;14428.69675
987;s4_niep;0.560183571;3.2732734929;14425.090815
988;s4_parz;0.7852369565;19.681077774;13418.411054
989;s4_niep;1.8627007305;-18.96295;15279.825645
990;s4_parz;-0.949294459;4.0104745283;15849.357127
991;s4_niep;2.4533781784;2.9327898023;13226.053753
992;s4_parz;-0.413076853;10.581358951;15423.897349
993;s4_niep;0.8095410973;18.137277644;14101.853697
994;s4_parz;1.1039689435;-5.223607142;13573.864823
995;s4_niep;2.0140616363;14.563290936;12955.927879
996;s4_parz;0.5059015302;1.3368373774;14861.417592
997;s4_niep;1.9384045829;12.335143636;14848.320339
998;s4_parz;-0.852562905;14.094389742;15970.332205
999;s4_niep;1.6538528491;11.2782395;15835.452243
1000;s4_parz;0.5385611106;-0.664847696;15859.400709
1001;s4_niep;1.0136271427;9.0478046007;12550.382111
1002;s4_parz;3.850802787;-12.06523934;16390.990109
1003;s4_niep;0.2006694294;-5.92872966;15740.789084
1004;s4_parz;1.8818029179;12.158772809;13692.146266
1005;s4_niep;1.0786086829;-4.904295775;15181.964709
1006;s4_parz;2.664436959;-8.184330242;15707.863951
1007;s4_niep;1.3354487085;-13.64944925;14119.633869
1008;s4_parz;2.3596705871;13.464822036;15948.393539
1009;s4_niep;0.6682417419;-15.55808954;16792.587319
1010;s4_parz;3.6693570584;10.958577452;15757.500081
1011;s4_niep;3.959439584;3.9017231442;17045.377527
1012;s4_parz;0.7244247425;-4.250865496;14127.243733
1013;s4_niep;1.515722689;-19.82130345;15860.116557
1014;s4_parz;0.4368314489;-1.546826182;14224.792098
1015;s4_niep;2.8895398629;2.149968702;15196.542351
1016;s4_parz;1.332587362;5.3279850764;15772.352663
1017;s4_niep;3.781697737;0.9278484454;15108.755373
1018;s4_parz;1.3876239208;-5.510204057;16091.051954
1019;s4_niep;0.2548513646;1.0632618337;15130.68899
1020;s4_parz;3.400187791;-19.1238237;15151.721658
1021;s4_niep;3.9722252204;-26.05516371;16566.651339
1022;s4_parz;2.831088093;4.8525292693;14890.772264
1023;s4_niep;-0.973524038;-3.344275787;15716.708549
1024;s4_parz;-0.581210124;10.663023355;16570.601798
1025;s4_niep;2.2287171079;-3.593213791;14688.895102
1026;s4_parz;2.6249087721;8.6053000905;15692.269676
1027;s4_niep;3.6635851938;5.7777265709;18137.082632
1028;s4_parz;0.6809335219;-3.176780504;14695.245318
1029;s4_niep;0.6452599208;-17.11631793;15081.460198
1030;s4_parz;0.2391097966;-16.70880021;13236.415471
1031;s4_niep;3.1183693307;-7.640950553;15156.194793
1032;s4_parz;2.7609310722;-9.101410892;15948.907636
1033;s4_niep;3.1215711036;-3.905004123;15489.865443
1034;s4_parz;0.0751980478;-6.597121636;13581.080028
1035;s4_niep;0.4586528281;7.0330047457;16210.558329
1036;s4_parz;-0.953086579;-9.966866387;17584.639112
1037;s4_niep;1.99159357;-7.371099103;13814.571736
1038;s4_parz;2.5796875663;-3.405268869;15150.237708
1039;s4_niep;0.5755378905;19.725257692;15533.613605
1040;s4_parz;-0.655634318;13.579498896;14573.431698
1041;s4_niep;2.5971722559;-10.15695358;15532.095446
1042;s4_parz;0.8690355666;-7.716968787;14777.8542
1043;s4_niep;2.8971745357;-11.39175219;14442.873488
1044;s4_parz;-0.372718841;-4.901716812;15346.364239
1045;s4_niep;3.254517492;15.978470728;14262.148186
1046;s4_parz;-0.172898659;-6.997846999;14438.199894
1047;s4_niep;2.9443453909;16.494072296;16333.249376
1048;s4_parz;1.4011623149;-9.741989529;15968.553104
1049;s4_niep;0.8293220419;-11.48393665;17151.978077
1050;s4_parz;3.2728961372;4.9116048558;15831.571334
1051;s4_niep;2.9388277936;-0.871491863;15502.849082
1052;s4_parz;-0.840530951;22.412008903;15482.807154
1053;s4_niep;3.1420077761;13.149369596;15606.308213
1054;s4_parz;0.0612587426;-8.236451435;15647.779204
1055;s4_niep;1.3596938361;-6.980370954;14770.406373
1056;s4_parz;1.2944652486;-2.14903166;17361.020527
1057;s4_niep;-0.711336628;-21.49228192;15343.992938
1058;s4_parz;1.987569707;-2.925874525;13504.77293
1059;s4_niep;2.7205924553;19.578380353;17783.055302
1060;s4_parz;-0.632372202;-23.21552576;17415.15306
1061;s4_niep;0.5470725189;-3.512959237;15457.516532
1062;s4_parz;2.2107176949;14.483536935;17528.146482
1063;s4_niep;2.105232568;20.432626614;16075.416226
1064;s4_parz;2.8480442245;1.4276049599;16574.767258
1065;s4_niep;3.8558456962;-7.286858988;16040.883755
1066;s4_parz;-0.62687538;-15.33251736;16441.307828
1067;s4_niep;0.6837131729;4.6678301293;14369.88081
1068;s4_parz;-0.610016814;6.8862315766;16032.522854
1069;s4_niep;2.1554537863;19.411822074;16644.90059
1070;s4_parz;1.3566147091;12.477122843;16604.945319
1071;s4_niep;-0.578161989;-24.08796492;15301.360521
1072;s4_parz;3.9175098375;-3.663022522;17124.45947
1073;s4_niep;3.7415921463;3.0792933247;15893.930918
1074;s4_parz;1.6028709778;6.0541786985;16190.09752
1075;s4_niep;2.5218119661;-10.05313812;18198.247531
1076;s4_parz;0.23150589;14.732993497;15557.691826
1077;s4_niep;0.3006636786;7.8615347377;17582.956688
1078;s4_parz;2.0495543862;7.2602528677;15091.808447
1079;s4_niep;1.0739970063;-12.24095329;15841.205801
1080;s4_parz;0.8542040474;-8.053829118;15295.633815
1081;s4_niep;2.7399979023;-5.83330753;15726.62772
1082;s4_parz;2.3443147169;3.0959467315;16820.187629
1083;s4_niep;1.1837555092;-12.47074649;16145.497009
1084;s4_parz;2.5394624148;-0.999532173;16637.517811
1085;s4_niep;0.7261702808;-7.023689059;15169.507362
1086;s4_parz;1.4831392814;-17.49349901;16429.870314
1087;s4_niep;2.538780384;5.291939521;17837.491927
1088;s4_parz;0.2982803799;-14.05749926;17625.388417
1089;s4_niep;1.0457608775;-11.03616854;16291.378607
1090;s4_parz;-0.131133381;-3.317654489;15929.223849
1091;s4_niep;2.0723296795;-12.36149382;14711.514804
1092;s4_parz;0.8300896309;7.8769381199;14222.953064
1093;s4_niep;2.798552297;-4.259497489;15868.470214
1094;s4_parz;2.6263763549;3.6635898677;15131.207212
1095;s4_niep;3.548262141;2.3086764376;15780.29777
1096;s4_parz;1.9780667289;-8.002410129;16841.317763
1097;s4_niep;0.9265741747;21.731229258;15655.092941
1098;s4_parz;3.6038648484;-1.848506411;17090.520345
1099;s4_niep;0.0187971853;-5.74570229;16535.611068
1100;s4_parz;1.949183091;6.1629383965;14548.770836
